batch_size: 16
learning_rate: 0.0006367812544335749
momentum: 0.5559595720140439
num_epochs: 42
optimizer: Adam
weight_decay: 6.285189596174964e-05
