batch_size: 64
learning_rate: 0.03342748044636077
momentum: 0.7067201087356318
num_epochs: 26
optimizer: SGD
weight_decay: 0.015805802897028362
