batch_size: 32
learning_rate: 0.016659686347216644
num_epochs: 25
optimizer: Adam
weight_decay: 0.04268323200612614
