batch_size: 16
learning_rate: 0.04334212099110531
num_epochs: 30
optimizer: Adam
weight_decay: 0.005827103597417988
