batch_size: 16
learning_rate: 0.0014608020790613306
momentum: 0.5191100983058817
num_epochs: 48
optimizer: SGD
weight_decay: 0.030634449681674735
