batch_size: 64
learning_rate: 0.01388190139857895
num_epochs: 28
optimizer: Adam
weight_decay: 2.2648681379098252e-05
